1.307119081442340569e+00 0.000000000000000000e+00 9.259100260754318454e-03 0.000000000000000000e+00 0.000000000000000000e+00 0.000000000000000000e+00
1.092288374953184871e+00 0.000000000000000000e+00 7.961277758494911955e-03 0.000000000000000000e+00 0.000000000000000000e+00 9.345723920427194409e-02
8.714920655099100966e-01 0.000000000000000000e+00 0.000000000000000000e+00 5.517439265921494094e-04 0.000000000000000000e+00 2.289454714053636986e-01
6.494850494294736043e-01 0.000000000000000000e+00 0.000000000000000000e+00 0.000000000000000000e+00 0.000000000000000000e+00 3.565683208589411901e-01
4.268218177084073250e-01 0.000000000000000000e+00 0.000000000000000000e+00 0.000000000000000000e+00 0.000000000000000000e+00 4.867913573469525579e-01
2.037938741128036413e-01 0.000000000000000000e+00 0.000000000000000000e+00 0.000000000000000000e+00 0.000000000000000000e+00 6.184591652408856222e-01
6.559589287088214704e-02 0.000000000000000000e+00 0.000000000000000000e+00 1.087513621047911470e-03 0.000000000000000000e+00 6.758186326366214525e-01
2.804035650113887237e-02 0.000000000000000000e+00 3.292204793428622734e-05 9.083205187438561645e-03 0.000000000000000000e+00 6.545444458758522543e-01
9.822670354472975637e-03 0.000000000000000000e+00 2.528197087660864414e-02 2.102641360005638727e-03 0.000000000000000000e+00 5.995122721617038852e-01
1.824087391397963579e-04 0.000000000000000000e+00 5.015205723699094065e-02 0.000000000000000000e+00 0.000000000000000000e+00 5.491199964509039244e-01
0.000000000000000000e+00 0.000000000000000000e+00 7.228584394886680697e-02 0.000000000000000000e+00 0.000000000000000000e+00 5.000843418703506682e-01
0.000000000000000000e+00 0.000000000000000000e+00 1.060223389248990261e-01 0.000000000000000000e+00 0.000000000000000000e+00 4.538695096706487631e-01
0.000000000000000000e+00 0.000000000000000000e+00 1.371031670624607013e-01 0.000000000000000000e+00 0.000000000000000000e+00 4.005503608024064133e-01
0.000000000000000000e+00 0.000000000000000000e+00 1.686618899081359924e-01 0.000000000000000000e+00 0.000000000000000000e+00 3.397866165357944501e-01
0.000000000000000000e+00 0.000000000000000000e+00 1.998123397364449105e-01 0.000000000000000000e+00 0.000000000000000000e+00 2.785712267270187836e-01
0.000000000000000000e+00 0.000000000000000000e+00 2.314162968548554855e-01 0.000000000000000000e+00 0.000000000000000000e+00 2.158152315447065817e-01
0.000000000000000000e+00 0.000000000000000000e+00 2.599855999046976618e-01 0.000000000000000000e+00 5.303589146934647899e-05 1.591388238821157541e-01
1.164294775486512641e-03 0.000000000000000000e+00 2.837550371630497281e-01 0.000000000000000000e+00 6.640237851124811477e-03 1.043219859027420399e-01
2.789262423825378690e-03 0.000000000000000000e+00 3.002198091423030624e-01 8.621076137138312945e-03 9.825054044341753959e-03 5.576918472327554999e-02
3.822582667350600712e-03 0.000000000000000000e+00 3.021542055967956220e-01 4.321432359646192739e-02 1.987864178487271181e-03 1.888921674595817057e-02
3.824263921882437630e-03 0.000000000000000000e+00 2.985172150334104990e-01 7.777823944509223986e-02 0.000000000000000000e+00 0.000000000000000000e+00
2.039530283011911985e-03 0.000000000000000000e+00 2.720499008729247437e-01 1.241320804611989598e-01 0.000000000000000000e+00 0.000000000000000000e+00
9.843525519221813219e-04 0.000000000000000000e+00 2.475356388532921337e-01 1.734199118560939834e-01 0.000000000000000000e+00 0.000000000000000000e+00
8.289858777807149410e-04 0.000000000000000000e+00 2.176515805431479267e-01 2.331657094124595930e-01 0.000000000000000000e+00 0.000000000000000000e+00
8.335245117753118911e-04 0.000000000000000000e+00 1.869463913235835106e-01 2.933052718791100411e-01 0.000000000000000000e+00 0.000000000000000000e+00
1.317779070177825832e-03 0.000000000000000000e+00 1.537778093757592446e-01 3.546261290766148377e-01 0.000000000000000000e+00 0.000000000000000000e+00
1.794780548630401469e-03 3.014339925416329607e-04 1.213454773873270526e-01 4.138033342630385025e-01 0.000000000000000000e+00 0.000000000000000000e+00
1.518008552336172837e-03 7.809439145528674665e-03 8.967709779675524240e-02 4.648606794472863735e-01 0.000000000000000000e+00 6.332956226825920722e-03
4.337441240096713059e-04 1.221164718367565537e-02 5.864747910132653286e-02 5.070370639784727018e-01 9.827991149166204893e-03 1.928194128403972959e-02
0.000000000000000000e+00 0.000000000000000000e+00 3.480206563969950873e-02 5.145781001449675207e-01 6.445980927604690047e-02 2.820567554269575589e-02
0.000000000000000000e+00 0.000000000000000000e+00 1.342444664174768411e-02 5.146442148503344027e-01 1.188035199062998093e-01 3.431535550325132133e-02
0.000000000000000000e+00 0.000000000000000000e+00 5.898955212326710681e-04 4.896578352825244340e-01 1.913483298551357237e-01 3.619772331535620058e-02
0.000000000000000000e+00 0.000000000000000000e+00 0.000000000000000000e+00 4.498738745489838098e-01 2.690476809132006375e-01 2.694449054655470577e-02
0.000000000000000000e+00 0.000000000000000000e+00 0.000000000000000000e+00 3.909486456206475169e-01 3.607846966293628554e-01 2.438503349127767866e-02
0.000000000000000000e+00 0.000000000000000000e+00 0.000000000000000000e+00 3.304727331603239948e-01 4.522342234001029970e-01 2.266590234968286072e-02
0.000000000000000000e+00 0.000000000000000000e+00 0.000000000000000000e+00 2.653447701040337336e-01 5.428212833345790189e-01 2.346774894913657844e-02
6.662974197927674360e-04 0.000000000000000000e+00 3.298967680407462449e-03 1.995116832387899275e-01 6.289541449886528746e-01 1.886482530417573494e-02
1.204747444192043543e-03 2.925991924679658546e-02 9.231480971144843603e-03 1.388349061035383802e-01 6.857910017843437123e-01 1.143768421140745582e-02
1.517874987246098459e-03 8.742892572710432575e-02 1.410218131590676265e-02 8.434806784910824085e-02 7.198893799882576383e-01 4.487108638702146796e-03
1.434858612418122735e-03 1.740034534911852893e-01 1.674247399625073893e-02 4.405695173693902761e-02 7.164435822214548777e-01 0.000000000000000000e+00
8.566312796988772909e-04 2.675201104715648759e-01 1.768025009503949169e-02 9.408434157183485219e-03 6.997793206191201820e-01 0.000000000000000000e+00
2.839151003414017269e-04 3.825373833058373640e-01 1.372570017180287094e-02 0.000000000000000000e+00 6.384102097940906884e-01 0.000000000000000000e+00
0.000000000000000000e+00 4.951097551315863377e-01 7.658187591310951919e-03 0.000000000000000000e+00 5.652613062022584511e-01 0.000000000000000000e+00
0.000000000000000000e+00 5.979754926232778711e-01 5.394498241966732416e-03 0.000000000000000000e+00 4.739504301362534311e-01 0.000000000000000000e+00
0.000000000000000000e+00 6.865178491231109792e-01 4.064299514014386126e-03 0.000000000000000000e+00 3.833586576189388917e-01 0.000000000000000000e+00
0.000000000000000000e+00 7.322989116272707877e-01 4.624938499695817155e-03 2.510483106512632033e-03 2.933902934611174462e-01 2.220944851098361091e-04
0.000000000000000000e+00 7.604510245315720951e-01 1.241579834579783354e-03 1.423716091356907673e-02 2.034176947765370669e-01 3.450875292396920428e-03
0.000000000000000000e+00 7.331901386680675925e-01 0.000000000000000000e+00 2.324093983156069396e-02 1.315737884025482418e-01 5.891706124985117768e-03
0.000000000000000000e+00 6.938521416087565230e-01 0.000000000000000000e+00 3.004799405555119707e-02 6.673931288829108854e-02 6.933165488663586840e-03
0.000000000000000000e+00 6.185129478583951679e-01 0.000000000000000000e+00 3.287247538918344758e-02 2.266460138217944731e-02 7.906836434630606231e-03
9.917831239759534599e-05 5.298997624821352170e-01 0.000000000000000000e+00 2.803457432695543108e-02 0.000000000000000000e+00 9.744462224492446076e-03
5.544153821494170881e-04 4.207177029052532879e-01 0.000000000000000000e+00 2.028408326913467771e-02 0.000000000000000000e+00 1.102643336903446486e-02
9.303848554362690497e-04 3.155905412140207478e-01 0.000000000000000000e+00 1.402456693033584008e-02 0.000000000000000000e+00 1.187079891414179016e-02
1.068551539328286074e-03 2.226280731797358470e-01 0.000000000000000000e+00 1.223797474860369508e-02 0.000000000000000000e+00 1.140234766094427692e-02
1.103737933031966826e-03 1.395286749726287190e-01 8.416056205201890954e-04 1.008941008967494807e-02 0.000000000000000000e+00 9.800022637726769209e-03
