1.362782977589775690e+01
1.335107791662719912e+01
1.307432605735664133e+01
1.279757419808608176e+01
1.252082233881552398e+01
1.224407047954496441e+01
1.196731862027440663e+01
1.169056676100384884e+01
1.141381490173328928e+01
1.113706304246273149e+01
1.086031118319217370e+01
1.058355932392161414e+01
1.030680746465105635e+01
1.003005560538049856e+01
9.753303746109938999e+00
9.476551886839381211e+00
9.199800027568821648e+00
8.923048168298263860e+00
8.646296309027706073e+00
8.369544449757146509e+00
8.092792590486588722e+00
7.816040731216030046e+00
7.539288871945471371e+00
7.262537012674913584e+00
6.985785153404354908e+00
6.709033294133796232e+00
6.432281434863237557e+00
6.155529575592678881e+00
5.878777716322121094e+00
5.602025857051562419e+00
5.325273997781003743e+00
5.048522138510445956e+00
4.771770279239887280e+00
4.495018419969328605e+00
4.218266560698769929e+00
3.941514701428211698e+00
3.664762842157653466e+00
3.388010982887094791e+00
3.111259123616536115e+00
2.834507264345977884e+00
2.557755405075419652e+00
2.281003545804860977e+00
2.004251686534302301e+00
1.727499827263744070e+00
1.450747967993185616e+00
1.173996108722627163e+00
8.972442494520687095e-01
6.204923901815102560e-01
3.437405309109518026e-01
6.698867164039334909e-02
